0.162271 0.331345 0.187425 0.224178 0.189600 0.207254 0.192138 0.206477 0.201440 0.190881 0.202874 0.206550 0.219195 0.206019 0.195616 0.211501 0.198046
0.331345 0.176941 0.332865 0.286080 0.328918 0.336335 0.321515 0.330556 0.341331 0.323341 0.342024 0.351098 0.311016 0.282160 0.323416 0.282560 0.327804
0.187425 0.332865 0.167320 0.225697 0.189461 0.208898 0.193593 0.208035 0.205136 0.192339 0.206408 0.212963 0.220715 0.207538 0.197129 0.213021 0.199662
0.224178 0.286080 0.225697 0.149765 0.221751 0.229175 0.214348 0.223418 0.234165 0.216174 0.234857 0.243931 0.203341 0.172044 0.216253 0.167369 0.220641
0.189600 0.328918 0.189461 0.221751 0.168478 0.203848 0.189166 0.203680 0.197804 0.186672 0.199276 0.207641 0.216771 0.203592 0.192649 0.209075 0.194628
0.207254 0.336335 0.208898 0.229175 0.203848 0.156206 0.197723 0.200365 0.215251 0.198012 0.215690 0.225620 0.224239 0.211019 0.196996 0.216501 0.192205
0.192138 0.321515 0.193593 0.214348 0.189166 0.197723 0.176274 0.196352 0.201391 0.182947 0.202034 0.211382 0.209372 0.196190 0.184683 0.201673 0.188119
0.206477 0.330556 0.208035 0.223418 0.203680 0.200365 0.196352 0.160137 0.215764 0.197903 0.216376 0.225739 0.218579 0.205266 0.195016 0.210748 0.198243
0.201440 0.341331 0.205136 0.234165 0.197804 0.215251 0.201391 0.215764 0.198185 0.198627 0.203198 0.213593 0.229187 0.216006 0.204711 0.221489 0.206115
0.190881 0.323341 0.192339 0.216174 0.186672 0.198012 0.182947 0.197903 0.198627 0.174643 0.199224 0.209053 0.211196 0.198015 0.186655 0.203498 0.188636
0.202874 0.342024 0.206408 0.234857 0.199276 0.215690 0.202034 0.216376 0.203198 0.199224 0.198227 0.215255 0.229880 0.216698 0.205317 0.222181 0.206575
0.206550 0.351098 0.212963 0.243931 0.207641 0.225620 0.211382 0.225739 0.213593 0.209053 0.215255 0.191008 0.238952 0.225772 0.214749 0.231255 0.216465
0.219195 0.311016 0.220715 0.203341 0.216771 0.224239 0.209372 0.218579 0.229187 0.211196 0.229880 0.238952 0.185382 0.185084 0.211298 0.190545 0.215684
0.206019 0.282160 0.207538 0.172044 0.203592 0.211019 0.196190 0.205266 0.216006 0.198015 0.216698 0.225772 0.185084 0.146992 0.198095 0.159206 0.202483
0.195616 0.323416 0.197129 0.216253 0.192649 0.196996 0.184683 0.195016 0.204711 0.186655 0.205317 0.214749 0.211298 0.198095 0.173754 0.203578 0.187349
0.211501 0.282560 0.213021 0.167369 0.209075 0.216501 0.201673 0.210748 0.221489 0.203498 0.222181 0.231255 0.190545 0.159206 0.203578 0.144814 0.207966
0.198046 0.327804 0.199662 0.220641 0.194628 0.192205 0.188119 0.198243 0.206115 0.188636 0.206575 0.216465 0.215684 0.202483 0.187349 0.207966 0.171984
