0.233680 0.349641 0.635122 0.388651 0.393132 0.261165 0.410122 0.254254 0.416177 0.673095 0.426351 0.415555 0.419469 0.356737 0.362322 0.393117 0.301150 0.340995 0.295834 0.362319 0.295699 0.424702 0.410476 0.461038 0.409194 0.409292 0.369699 0.372868
0.349641 0.269575 0.725813 0.479343 0.483824 0.355557 0.500814 0.353359 0.506869 0.763786 0.517042 0.506246 0.510160 0.336709 0.341556 0.483808 0.391696 0.431686 0.335049 0.340834 0.351668 0.515394 0.501168 0.551729 0.499885 0.499983 0.355055 0.357227
0.635122 0.725813 0.251730 0.533058 0.526447 0.645788 0.547424 0.631119 0.553250 0.818285 0.563658 0.552288 0.556535 0.733288 0.738863 0.576963 0.623239 0.578272 0.671333 0.738849 0.668396 0.561975 0.547757 0.598231 0.546581 0.546610 0.746324 0.749477
0.388651 0.479343 0.533058 0.250113 0.277548 0.399316 0.298357 0.384648 0.304058 0.575324 0.314583 0.303226 0.307341 0.486818 0.492393 0.341029 0.376775 0.336541 0.424864 0.492379 0.421926 0.312878 0.298680 0.349115 0.297544 0.297550 0.499854 0.503007
0.393132 0.483824 0.526447 0.277548 0.251070 0.403798 0.301335 0.389130 0.307101 0.577597 0.317576 0.306253 0.310385 0.491298 0.496874 0.341233 0.381251 0.337623 0.429344 0.496860 0.426406 0.315887 0.301670 0.352117 0.300516 0.300531 0.504335 0.507487
0.261165 0.355557 0.645788 0.399316 0.403798 0.241762 0.420788 0.267966 0.426843 0.683761 0.437016 0.426220 0.430134 0.362099 0.367700 0.403783 0.311879 0.351661 0.302990 0.367713 0.304443 0.435368 0.421142 0.471703 0.419859 0.419957 0.374935 0.378132
0.410122 0.500814 0.547424 0.298357 0.301335 0.420788 0.227003 0.406120 0.249428 0.537284 0.258050 0.256416 0.252800 0.508288 0.513863 0.345322 0.398241 0.354027 0.446334 0.513850 0.443396 0.256593 0.241630 0.292240 0.238436 0.239663 0.521325 0.524477
0.254254 0.353359 0.631119 0.384648 0.389130 0.267966 0.406120 0.234606 0.412175 0.669092 0.422348 0.411552 0.415466 0.360532 0.366115 0.389114 0.297210 0.336993 0.299478 0.366110 0.298398 0.420700 0.406474 0.457035 0.405191 0.405289 0.373506 0.376672
0.416177 0.506869 0.553250 0.304058 0.307101 0.426843 0.249428 0.412175 0.234701 0.545266 0.255659 0.263274 0.243662 0.514344 0.519919 0.351867 0.404297 0.360123 0.452389 0.519905 0.449452 0.253322 0.241406 0.293684 0.243542 0.241792 0.527380 0.530533
0.673095 0.763786 0.818285 0.575324 0.577597 0.683761 0.537284 0.669092 0.545266 0.236540 0.554878 0.538476 0.548586 0.771261 0.776836 0.599443 0.661212 0.615836 0.709307 0.776822 0.706369 0.553285 0.538879 0.589500 0.537165 0.537518 0.784297 0.787450
0.426351 0.517042 0.563658 0.314583 0.317576 0.437016 0.258050 0.422348 0.255659 0.554878 0.232134 0.273762 0.258955 0.524517 0.530092 0.361498 0.414470 0.370252 0.462563 0.530078 0.459625 0.251247 0.246746 0.301385 0.250011 0.247690 0.537553 0.540706
0.415555 0.506246 0.552288 0.303226 0.306253 0.426220 0.256416 0.411552 0.263274 0.538476 0.273762 0.233821 0.266580 0.513721 0.519296 0.351714 0.403674 0.359513 0.451767 0.519282 0.448829 0.272040 0.257700 0.307986 0.256424 0.256502 0.526757 0.529910
0.419469 0.510160 0.556535 0.307341 0.310385 0.430134 0.252800 0.415466 0.243662 0.548586 0.258955 0.266580 0.235073 0.517635 0.523210 0.355172 0.407588 0.363416 0.455680 0.523196 0.452743 0.256579 0.244870 0.297162 0.246959 0.245230 0.530671 0.533824
0.356737 0.336709 0.733288 0.486818 0.491298 0.362099 0.508288 0.360532 0.514344 0.771261 0.524517 0.513721 0.517635 0.234964 0.261179 0.491282 0.399192 0.439161 0.346695 0.270717 0.362525 0.522869 0.508643 0.559204 0.507360 0.507458 0.324042 0.321657
0.362322 0.341556 0.738863 0.492393 0.496874 0.367700 0.513863 0.366115 0.519919 0.776836 0.530092 0.519296 0.523210 0.261179 0.233471 0.496857 0.404766 0.444736 0.352144 0.259517 0.368000 0.528444 0.514218 0.564779 0.512935 0.513033 0.331723 0.329890
0.393117 0.483808 0.576963 0.341029 0.341233 0.403783 0.345322 0.389114 0.351867 0.599443 0.361498 0.351714 0.355172 0.491282 0.496857 0.254732 0.381225 0.330942 0.429328 0.496844 0.426390 0.359910 0.345651 0.396389 0.344161 0.344390 0.504319 0.507471
0.301150 0.391696 0.623239 0.376775 0.381251 0.311879 0.398241 0.297210 0.404297 0.661212 0.414470 0.403674 0.407588 0.399192 0.404766 0.381225 0.262913 0.329101 0.337178 0.404752 0.334152 0.412822 0.398595 0.449157 0.397313 0.397411 0.412233 0.415385
0.340995 0.431686 0.578272 0.336541 0.337623 0.351661 0.354027 0.336993 0.360123 0.615836 0.370252 0.359513 0.363416 0.439161 0.444736 0.330942 0.329101 0.258867 0.377206 0.444722 0.374268 0.368612 0.354381 0.404957 0.353082 0.353190 0.452197 0.455350
0.295834 0.335049 0.671333 0.424864 0.429344 0.302990 0.446334 0.299478 0.452389 0.709307 0.462563 0.451767 0.455680 0.346695 0.352144 0.429328 0.337178 0.377206 0.247152 0.352009 0.292394 0.460914 0.446688 0.497249 0.445405 0.445503 0.360715 0.363647
0.362319 0.340834 0.738849 0.492379 0.496860 0.367713 0.513850 0.366110 0.519905 0.776822 0.530078 0.519282 0.523196 0.270717 0.259517 0.496844 0.404752 0.444722 0.352009 0.233546 0.367890 0.528430 0.514204 0.564765 0.512921 0.513019 0.333720 0.332428
0.295699 0.351668 0.668396 0.421926 0.426406 0.304443 0.443396 0.298398 0.449452 0.706369 0.459625 0.448829 0.452743 0.362525 0.368000 0.426390 0.334152 0.374268 0.292394 0.367890 0.242373 0.457977 0.443751 0.494312 0.442468 0.442566 0.376329 0.379315
0.424702 0.515394 0.561975 0.312878 0.315887 0.435368 0.256593 0.420700 0.253322 0.553285 0.251247 0.272040 0.256579 0.522869 0.528444 0.359910 0.412822 0.368612 0.460914 0.528430 0.457977 0.240417 0.245396 0.299842 0.248781 0.246460 0.535905 0.539058
0.410476 0.501168 0.547757 0.298680 0.301670 0.421142 0.241630 0.406474 0.241406 0.538879 0.246746 0.257700 0.244870 0.508643 0.514218 0.345651 0.398595 0.354381 0.446688 0.514204 0.443751 0.245396 0.220187 0.282400 0.233003 0.229193 0.521679 0.524832
0.461038 0.551729 0.598231 0.349115 0.352117 0.471703 0.292240 0.457035 0.293684 0.589500 0.301385 0.307986 0.297162 0.559204 0.564779 0.396389 0.449157 0.404957 0.497249 0.564765 0.494312 0.299842 0.282400 0.315463 0.285164 0.281912 0.572240 0.575393
0.409194 0.499885 0.546581 0.297544 0.300516 0.419859 0.238436 0.405191 0.243542 0.537165 0.250011 0.256424 0.246959 0.507360 0.512935 0.344161 0.397313 0.353082 0.445405 0.512921 0.442468 0.248781 0.233003 0.285164 0.219939 0.229430 0.520396 0.523549
0.409292 0.499983 0.546610 0.297550 0.300531 0.419957 0.239663 0.405289 0.241792 0.537518 0.247690 0.256502 0.245230 0.507458 0.513033 0.344390 0.397411 0.353190 0.445503 0.513019 0.442566 0.246460 0.229193 0.281912 0.229430 0.219881 0.520494 0.523647
0.369699 0.355055 0.746324 0.499854 0.504335 0.374935 0.521325 0.373506 0.527380 0.784297 0.537553 0.526757 0.530671 0.324042 0.331723 0.504319 0.412233 0.452197 0.360715 0.333720 0.376329 0.535905 0.521679 0.572240 0.520396 0.520494 0.298799 0.317262
0.372868 0.357227 0.749477 0.503007 0.507487 0.378132 0.524477 0.376672 0.530533 0.787450 0.540706 0.529910 0.533824 0.321657 0.329890 0.507471 0.415385 0.455350 0.363647 0.332428 0.379315 0.539058 0.524832 0.575393 0.523549 0.523647 0.317262 0.296092
