0 0.304738008134 0.18504256858 0.182918533968 0.21289346725 0.180942886895 0.199168520605 0.197722479997 0.186562436187 0.197260728558 0.182509336849 0.182721160481 0.182567942588 0.195515877074 0.216009906411 0.211916026965 0.203509224463 0.208646769608 0.176488788455 0.190138727363 0.195499324415 0.184183721674 0.1736820948
0.304738008134 0 0.344347519461 0.33630109757 0.25367749386 0.330429527266 0.360824309006 0.343677519223 0.341646784601 0.357364269324 0.334010671551 0.336608284119 0.346498032554 0.33202743208 0.362022139783 0.35480465872 0.365618550617 0.299575714141 0.308127230107 0.337279371581 0.279792176655 0.346312742869 0.34121185682
0.18504256858 0.344347519461 0 0.168376243238 0.241510979444 0.201930739965 0.214130071688 0.205028658327 0.198247966239 0.212127440905 0.200332035116 0.19483501267 0.215973458902 0.224679263701 0.214211574809 0.225566965168 0.225526721328 0.224484853167 0.191349216211 0.189100664583 0.200332035116 0.2114362524 0.163532861574
0.182918533968 0.33630109757 0.168376243238 0 0.249158181478 0.200461457639 0.216002826644 0.219927956238 0.216288336997 0.210154199827 0.191021530005 0.199267063674 0.214569165086 0.195602382043 0.226362361498 0.216998893271 0.22262940907 0.215171433355 0.190105359597 0.217012332721 0.205680256528 0.209803023362 0.163320985456
0.21289346725 0.25367749386 0.241510979444 0.249158181478 0 0.212976216033 0.236106454598 0.234252868985 0.23469599394 0.234773364036 0.224879665674 0.234041369751 0.222322099509 0.236712613591 0.250765148729 0.252879307524 0.222589239655 0.208332625381 0.171436391892 0.221372825859 0.154458962485 0.231999780139 0.228368989168
0.180942886895 0.330429527266 0.201930739965 0.200461457639 0.212976216033 0 0.192853445787 0.198836891787 0.187584705612 0.191053864527 0.179114356093 0.165371799978 0.168828362712 0.179131610306 0.228514879612 0.217724472494 0.208740923545 0.201414212949 0.198510353993 0.190136889461 0.200919542843 0.183352161489 0.166927877202
0.199168520605 0.360824309006 0.214130071688 0.216002826644 0.236106454598 0.192853445787 0 0.140254968522 0.203587884091 0.199216390684 0.188259786457 0.207638530144 0.187955003529 0.193895974029 0.214242009826 0.214205579507 0.220006830648 0.230007279327 0.209331705834 0.207778754452 0.203446876779 0.192182396044 0.196256596688
0.197722479997 0.343677519223 0.205028658327 0.219927956238 0.234252868985 0.198836891787 0.140254968522 0 0.19848117393 0.200503832233 0.198397951657 0.188320077173 0.194166830146 0.192900929211 0.201578702099 0.217132182836 0.240706231254 0.237312233797 0.20939199655 0.208473393688 0.202978803696 0.1915266736 0.199860223206
0.186562436187 0.341646784601 0.198247966239 0.216288336997 0.23469599394 0.187584705612 0.203587884091 0.19848117393 0 0.206044473922 0.191908024481 0.184425321869 0.183823435623 0.197456303084 0.228532416366 0.210019729614 0.218120677813 0.217705041199 0.190177480378 0.162325901569 0.194758332416 0.191296599927 0.192008306334
0.197260728558 0.357364269324 0.212127440905 0.210154199827 0.234773364036 0.191053864527 0.199216390684 0.200503832233 0.206044473922 0 0.195416997616 0.202366485342 0.182931936681 0.212913617841 0.231020431067 0.216077311698 0.228586675887 0.223512175644 0.199617974119 0.19611708116 0.2069476034 0.207054277132 0.192510166959
0.182509336849 0.334010671551 0.200332035116 0.191021530005 0.224879665674 0.179114356093 0.188259786457 0.198397951657 0.191908024481 0.195416997616 0 0.181401740724 0.20070784614 0.158497480531 0.210329379363 0.189030940659 0.211177278974 0.217819331115 0.187814933578 0.203541877291 0.208886852955 0.187356848374 0.179381034413
0.182721160481 0.336608284119 0.19483501267 0.199267063674 0.234041369751 0.165371799978 0.207638530144 0.188320077173 0.184425321869 0.202366485342 0.181401740724 0 0.185132949209 0.188731103985 0.21949108344 0.196558796291 0.224003664682 0.217521219532 0.199725148878 0.205513383231 0.201557489693 0.184608337151 0.1838676887
0.182567942588 0.346498032554 0.215973458902 0.214569165086 0.222322099509 0.168828362712 0.187955003529 0.194166830146 0.183823435623 0.182931936681 0.20070784614 0.185132949209 0 0.201541796126 0.224563837785 0.220178548594 0.201165931344 0.215042129544 0.195210823694 0.172659116736 0.20678171662 0.183419371224 0.191262499716
0.195515877074 0.33202743208 0.224679263701 0.195602382043 0.236712613591 0.179131610306 0.193895974029 0.192900929211 0.197456303084 0.212913617841 0.158497480531 0.188731103985 0.201541796126 0 0.224988105886 0.196558796291 0.196518552451 0.224221088041 0.187814933578 0.217284433406 0.199725148878 0.195602382043 0.201702978151
0.216009906411 0.362022139783 0.214211574809 0.226362361498 0.250765148729 0.228514879612 0.214242009826 0.201578702099 0.228532416366 0.231020431067 0.210329379363 0.21949108344 0.224563837785 0.224988105886 0 0.223360449754 0.199499775313 0.228162788827 0.224988105886 0.220496470301 0.227736617109 0.216284487013 0.219740560273
0.211916026965 0.35480465872 0.225566965168 0.216998893271 0.252879307524 0.217724472494 0.214205579507 0.217132182836 0.210019729614 0.216077311698 0.189030940659 0.196558796291 0.220178548594 0.196558796291 0.223360449754 0 0.231451481453 0.236399399392 0.216920683602 0.214956983844 0.224250046864 0.232876398353 0.209603584736
0.203509224463 0.365618550617 0.225526721328 0.22262940907 0.222589239655 0.208740923545 0.220006830648 0.240706231254 0.218120677813 0.228586675887 0.211177278974 0.224003664682 0.201165931344 0.196518552451 0.199499775313 0.231451481453 0 0.229817822599 0.221255153459 0.207937882969 0.205680256528 0.229958772332 0.218569701018
0.208646769608 0.299575714141 0.224484853167 0.215171433355 0.208332625381 0.201414212949 0.230007279327 0.237312233797 0.217705041199 0.223512175644 0.217819331115 0.217521219532 0.215042129544 0.224221088041 0.228162788827 0.236399399392 0.229817822599 0 0.177339041545 0.218797121423 0.194109990489 0.225983014965 0.214002076975
0.176488788455 0.308127230107 0.191349216211 0.190105359597 0.171436391892 0.198510353993 0.209331705834 0.20939199655 0.190177480378 0.199617974119 0.187814933578 0.199725148878 0.195210823694 0.187814933578 0.224988105886 0.216920683602 0.221255153459 0.177339041545 0 0.19503499294 0.156665139716 0.19285387082 0.187857711252
0.190138727363 0.337279371581 0.189100664583 0.217012332721 0.221372825859 0.190136889461 0.207778754452 0.208473393688 0.162325901569 0.19611708116 0.203541877291 0.205513383231 0.172659116736 0.217284433406 0.220496470301 0.214956983844 0.207937882969 0.218797121423 0.19503499294 0 0.193609964686 0.183362864044 0.180446949185
0.195499324415 0.279792176655 0.200332035116 0.205680256528 0.154458962485 0.200919542843 0.203446876779 0.202978803696 0.194758332416 0.2069476034 0.208886852955 0.201557489693 0.20678171662 0.199725148878 0.227736617109 0.224250046864 0.205680256528 0.194109990489 0.156665139716 0.193609964686 0 0.202015574897 0.206320284531
0.184183721674 0.346312742869 0.2114362524 0.209803023362 0.231999780139 0.183352161489 0.192182396044 0.1915266736 0.191296599927 0.207054277132 0.187356848374 0.184608337151 0.183419371224 0.195602382043 0.216284487013 0.232876398353 0.229958772332 0.225983014965 0.19285387082 0.183362864044 0.202015574897 0 0.199929068886
0.1736820948 0.34121185682 0.163532861574 0.163320985456 0.228368989168 0.166927877202 0.196256596688 0.199860223206 0.192008306334 0.192510166959 0.179381034413 0.1838676887 0.191262499716 0.201702978151 0.219740560273 0.209603584736 0.218569701018 0.214002076975 0.187857711252 0.180446949185 0.206320284531 0.199929068886 0
