0.161475 0.331975 0.186684 0.224172 0.188418 0.207325 0.191948 0.207385 0.200360 0.190427 0.201677 0.205470 0.219762 0.206271 0.194764 0.211070 0.196580
0.331975 0.176849 0.333286 0.287818 0.328284 0.336262 0.320805 0.331128 0.340685 0.322669 0.341260 0.350269 0.311780 0.283620 0.322158 0.282893 0.326251
0.186684 0.333286 0.166128 0.225483 0.188254 0.208904 0.193254 0.208769 0.204172 0.191836 0.205333 0.211741 0.221072 0.207581 0.196139 0.212381 0.198143
0.224172 0.287818 0.225483 0.152973 0.220481 0.228465 0.213002 0.223347 0.232882 0.214866 0.233457 0.242466 0.203364 0.172932 0.214359 0.167412 0.218451
0.188418 0.328284 0.188254 0.220481 0.166463 0.202921 0.187826 0.203368 0.196487 0.185374 0.197796 0.205900 0.216072 0.202580 0.190639 0.207379 0.192164
0.207325 0.336262 0.208904 0.228465 0.202921 0.156536 0.197016 0.200423 0.214459 0.197358 0.214874 0.224503 0.224089 0.210565 0.195727 0.215365 0.191079
0.191948 0.320805 0.193254 0.213002 0.187826 0.197016 0.176077 0.196094 0.200104 0.181723 0.200644 0.209863 0.208596 0.195101 0.182893 0.199901 0.185958
0.207385 0.331128 0.208769 0.223347 0.203368 0.200423 0.196094 0.158881 0.215498 0.197670 0.216017 0.225249 0.219057 0.205448 0.194105 0.210249 0.197233
0.200360 0.340685 0.204172 0.232882 0.196487 0.214459 0.200104 0.215498 0.197856 0.197470 0.202507 0.212344 0.228475 0.214981 0.202754 0.219781 0.203761
0.190427 0.322669 0.191836 0.214866 0.185374 0.197358 0.181723 0.197670 0.197470 0.174309 0.197988 0.207543 0.210459 0.196965 0.184778 0.201765 0.186467
0.201677 0.341260 0.205333 0.233457 0.197796 0.214874 0.200644 0.216017 0.202507 0.197988 0.198451 0.213864 0.229050 0.215556 0.203264 0.220356 0.204188
0.205470 0.350269 0.211741 0.242466 0.205900 0.224503 0.209863 0.225249 0.212344 0.207543 0.213864 0.191948 0.238058 0.224565 0.212555 0.229364 0.213792
0.219762 0.311780 0.221072 0.203364 0.216072 0.224089 0.208596 0.219057 0.228475 0.210459 0.229050 0.238058 0.183530 0.185379 0.209972 0.190142 0.214059
0.206271 0.283620 0.207581 0.172932 0.202580 0.210565 0.195101 0.205448 0.214981 0.196965 0.215556 0.224565 0.185379 0.146928 0.196458 0.159830 0.200550
0.194764 0.322158 0.196139 0.214359 0.190639 0.195727 0.182893 0.194105 0.202754 0.184778 0.203264 0.212555 0.209972 0.196458 0.171247 0.201258 0.184783
0.211070 0.282893 0.212381 0.167412 0.207379 0.215365 0.199901 0.210249 0.219781 0.201765 0.220356 0.229364 0.190142 0.159830 0.201258 0.144741 0.205350
0.196580 0.326251 0.198143 0.218451 0.192164 0.191079 0.185958 0.197233 0.203761 0.186467 0.204188 0.213792 0.214059 0.200550 0.184783 0.205350 0.170227
