0.195003 0.428170 0.624730 0.464844 0.462632 0.485396 0.496917 0.626868 0.516326 0.484790 0.497512 0.305877 0.551339 0.278062 0.296819 0.277431 0.312259 0.283579 0.523773 0.497124 0.576336 0.489180 0.296197 0.528491 0.532365
0.428170 0.194084 0.812766 0.652881 0.650668 0.673432 0.684954 0.814903 0.704363 0.672827 0.685549 0.398980 0.739376 0.466056 0.484853 0.403908 0.405275 0.421306 0.711810 0.685161 0.764372 0.677217 0.398489 0.626259 0.630139
0.624730 0.812766 0.169844 0.512566 0.500695 0.504519 0.518308 0.185426 0.534604 0.504347 0.518852 0.691934 0.554083 0.557041 0.525704 0.659498 0.698315 0.663945 0.542272 0.515022 0.595905 0.506826 0.682342 0.914596 0.918470
0.464844 0.652881 0.512566 0.193497 0.215918 0.249702 0.259209 0.514334 0.280909 0.247460 0.259865 0.532049 0.341678 0.397179 0.372967 0.499614 0.538430 0.504061 0.288218 0.262093 0.339853 0.254379 0.522456 0.754711 0.758585
0.462632 0.650668 0.500695 0.215918 0.176746 0.234466 0.243929 0.502475 0.265685 0.232198 0.244586 0.529836 0.327089 0.394964 0.370311 0.497401 0.536217 0.501848 0.272991 0.246875 0.324603 0.239165 0.520244 0.752498 0.756372
0.485396 0.673432 0.504519 0.249702 0.234466 0.183840 0.219572 0.506079 0.231002 0.204303 0.220060 0.552600 0.294004 0.417726 0.392623 0.520165 0.558981 0.524612 0.238923 0.209411 0.292576 0.199195 0.543008 0.775262 0.779136
0.496917 0.684954 0.518308 0.259209 0.243929 0.219572 0.193960 0.519894 0.238699 0.221351 0.204406 0.564122 0.314808 0.429248 0.404226 0.531686 0.570502 0.536133 0.244833 0.225661 0.302526 0.220638 0.554529 0.786784 0.790658
0.626868 0.814903 0.185426 0.514334 0.502475 0.506079 0.519894 0.170674 0.536164 0.505893 0.520437 0.694072 0.555620 0.559179 0.527860 0.661636 0.700453 0.666082 0.543834 0.516578 0.597475 0.508379 0.684479 0.916734 0.920608
0.516326 0.704363 0.534604 0.280909 0.265685 0.231002 0.238699 0.536164 0.186761 0.238188 0.238182 0.583531 0.320178 0.448656 0.423528 0.551096 0.589912 0.555542 0.217220 0.222504 0.310721 0.223017 0.573938 0.806193 0.810067
0.484790 0.672827 0.504347 0.247460 0.232198 0.204303 0.221351 0.505893 0.238188 0.175755 0.221959 0.551995 0.300839 0.417121 0.392073 0.519560 0.558376 0.524006 0.245738 0.218244 0.298191 0.209732 0.542402 0.774657 0.778531
0.497512 0.685549 0.518852 0.259865 0.244586 0.220060 0.204406 0.520437 0.238182 0.221959 0.186285 0.564717 0.315162 0.429843 0.404820 0.532282 0.571098 0.536728 0.244154 0.225770 0.303157 0.220876 0.555124 0.787379 0.791253
0.305877 0.398980 0.691934 0.532049 0.529836 0.552600 0.564122 0.694072 0.583531 0.551995 0.564717 0.170619 0.618544 0.345246 0.364022 0.302489 0.186586 0.315443 0.590978 0.564329 0.643540 0.556385 0.234099 0.439269 0.443146
0.551339 0.739376 0.554083 0.341678 0.327089 0.294004 0.314808 0.555620 0.320178 0.300839 0.315162 0.618544 0.185597 0.483664 0.457573 0.586108 0.624924 0.590555 0.328555 0.299516 0.386455 0.290657 0.608951 0.841206 0.845080
0.278062 0.466056 0.557041 0.397179 0.394964 0.417726 0.429248 0.559179 0.448656 0.417121 0.429843 0.345246 0.483664 0.200381 0.229099 0.312753 0.351626 0.317186 0.456103 0.429454 0.508666 0.421510 0.335655 0.567908 0.571782
0.296819 0.484853 0.525704 0.372967 0.370311 0.392623 0.404226 0.527860 0.423528 0.392073 0.404820 0.364022 0.457573 0.229099 0.180131 0.331585 0.370403 0.336031 0.430982 0.404315 0.483586 0.396365 0.354430 0.586684 0.590558
0.277431 0.403908 0.659498 0.499614 0.497401 0.520165 0.531686 0.661636 0.551096 0.519560 0.532282 0.302489 0.586108 0.312753 0.331585 0.197311 0.308856 0.242309 0.558542 0.531893 0.611105 0.523949 0.294452 0.525911 0.529787
0.312259 0.405275 0.698315 0.538430 0.536217 0.558981 0.570502 0.700453 0.589912 0.558376 0.571098 0.186586 0.624924 0.351626 0.370403 0.308856 0.172927 0.321812 0.597359 0.570710 0.649921 0.562766 0.240566 0.447412 0.451291
0.283579 0.421306 0.663945 0.504061 0.501848 0.524612 0.536133 0.666082 0.555542 0.524006 0.536728 0.315443 0.590555 0.317186 0.336031 0.242309 0.321812 0.198678 0.562989 0.536340 0.615552 0.528396 0.307073 0.538700 0.542575
0.523773 0.711810 0.542272 0.288218 0.272991 0.238923 0.244833 0.543834 0.217220 0.245738 0.244154 0.590978 0.328555 0.456103 0.430982 0.558542 0.597359 0.562989 0.206045 0.231215 0.318305 0.231513 0.581385 0.813640 0.817514
0.497124 0.685161 0.515022 0.262093 0.246875 0.209411 0.225661 0.516578 0.222504 0.218244 0.225770 0.564329 0.299516 0.429454 0.404315 0.531893 0.570710 0.536340 0.231215 0.177091 0.287975 0.198291 0.554736 0.786991 0.790865
0.576336 0.764372 0.595905 0.339853 0.324603 0.292576 0.302526 0.597475 0.310721 0.298191 0.303157 0.643540 0.386455 0.508666 0.483586 0.611105 0.649921 0.615552 0.318305 0.287975 0.247957 0.289280 0.633948 0.866202 0.870076
0.489180 0.677217 0.506826 0.254379 0.239165 0.199195 0.220638 0.508379 0.223017 0.209732 0.220876 0.556385 0.290657 0.421510 0.396365 0.523949 0.562766 0.528396 0.231513 0.198291 0.289280 0.178149 0.546792 0.779047 0.782921
0.296197 0.398489 0.682342 0.522456 0.520244 0.543008 0.554529 0.684479 0.573938 0.542402 0.555124 0.234099 0.608951 0.335655 0.354430 0.294452 0.240566 0.307073 0.581385 0.554736 0.633948 0.546792 0.170064 0.439361 0.443124
0.528491 0.626259 0.914596 0.754711 0.752498 0.775262 0.786784 0.916734 0.806193 0.774657 0.787379 0.439269 0.841206 0.567908 0.586684 0.525911 0.447412 0.538700 0.813640 0.786991 0.866202 0.779047 0.439361 0.168910 0.180988
0.532365 0.630139 0.918470 0.758585 0.756372 0.779136 0.790658 0.920608 0.810067 0.778531 0.791253 0.443146 0.845080 0.571782 0.590558 0.529787 0.451291 0.542575 0.817514 0.790865 0.870076 0.782921 0.443124 0.180988 0.168655
