0.238235 0.347774 0.674233 0.384047 0.384812 0.260083 0.401480 0.257684 0.405429 0.678053 0.419003 0.404833 0.409073 0.353073 0.357937 0.392363 0.292794 0.319030 0.298077 0.357906 0.293683 0.416150 0.405392 0.449387 0.399368 0.399316 0.367576 0.373130
0.347774 0.269223 0.759204 0.469017 0.469782 0.348944 0.486451 0.350919 0.490400 0.763024 0.503973 0.489804 0.494044 0.338657 0.342734 0.477333 0.377650 0.403999 0.334847 0.341942 0.346299 0.501120 0.490363 0.534358 0.484339 0.484287 0.360782 0.365066
0.674233 0.759204 0.248667 0.577759 0.568374 0.679842 0.589163 0.670393 0.592813 0.872226 0.606736 0.591664 0.596451 0.764971 0.769823 0.630652 0.656988 0.621740 0.708827 0.769781 0.701752 0.603826 0.593094 0.636930 0.587232 0.587076 0.779592 0.785130
0.384047 0.469017 0.577759 0.249094 0.273535 0.389656 0.294034 0.380207 0.297549 0.583233 0.311653 0.296291 0.301182 0.474784 0.479637 0.349972 0.366807 0.335141 0.418640 0.479594 0.411566 0.308711 0.297997 0.341757 0.292206 0.292006 0.489406 0.494943
0.384812 0.469782 0.568374 0.273535 0.243704 0.390421 0.294486 0.380972 0.298007 0.582875 0.312104 0.296765 0.301642 0.475549 0.480402 0.346840 0.367568 0.333357 0.419405 0.480359 0.412331 0.309164 0.298449 0.342211 0.292654 0.292456 0.490171 0.495708
0.260083 0.348944 0.679842 0.389656 0.390421 0.237921 0.407089 0.266213 0.411038 0.683662 0.424612 0.410443 0.414682 0.353618 0.358500 0.397972 0.298449 0.324639 0.300457 0.358487 0.297460 0.421759 0.411001 0.454997 0.404977 0.404925 0.367971 0.373556
0.401480 0.486451 0.589163 0.294034 0.294486 0.407089 0.224788 0.397640 0.245959 0.545442 0.258121 0.250860 0.249645 0.492218 0.497070 0.350116 0.384236 0.349812 0.436074 0.497028 0.428999 0.255402 0.244035 0.288445 0.236208 0.237330 0.506839 0.512377
0.257684 0.350919 0.670393 0.380207 0.380972 0.266213 0.397640 0.239120 0.401589 0.674213 0.415163 0.400994 0.405233 0.356270 0.361132 0.388523 0.289000 0.315190 0.301166 0.361100 0.295991 0.412310 0.401552 0.445547 0.395528 0.395476 0.370783 0.376336
0.405429 0.490400 0.592813 0.297549 0.298007 0.411038 0.245959 0.401589 0.228655 0.551472 0.254964 0.255764 0.239195 0.496167 0.501019 0.354814 0.388184 0.353827 0.440022 0.500977 0.432948 0.251290 0.243464 0.288758 0.240428 0.238824 0.510788 0.516325
0.678053 0.763024 0.872226 0.583233 0.582875 0.683662 0.545442 0.674213 0.551472 0.231854 0.564363 0.545395 0.555147 0.768790 0.773643 0.615255 0.660807 0.625435 0.712646 0.773600 0.705572 0.561609 0.550679 0.594827 0.544147 0.544404 0.783412 0.788949
0.419003 0.503973 0.606736 0.311653 0.312104 0.424612 0.258121 0.415163 0.254964 0.564363 0.229214 0.269761 0.258474 0.509740 0.514593 0.367531 0.401758 0.367350 0.453596 0.514550 0.446522 0.251036 0.252321 0.300330 0.250470 0.248257 0.524362 0.529899
0.404833 0.489804 0.591664 0.296291 0.296765 0.410443 0.250860 0.400994 0.255764 0.545395 0.269761 0.228767 0.259431 0.495571 0.500423 0.355445 0.387589 0.353251 0.439427 0.500381 0.432352 0.266817 0.255946 0.299583 0.249923 0.249854 0.510192 0.515730
0.409073 0.494044 0.596451 0.301182 0.301642 0.414682 0.249645 0.405233 0.239195 0.555147 0.258474 0.259431 0.227702 0.499811 0.504663 0.358479 0.391829 0.357472 0.443667 0.504621 0.436592 0.254725 0.247229 0.292568 0.244152 0.242565 0.514432 0.519970
0.353073 0.338657 0.764971 0.474784 0.475549 0.353618 0.492218 0.356270 0.496167 0.768790 0.509740 0.495571 0.499811 0.234687 0.258478 0.483100 0.383444 0.409766 0.345374 0.267498 0.355904 0.506887 0.496130 0.540125 0.490106 0.490054 0.324257 0.323740
0.357937 0.342734 0.769823 0.479637 0.480402 0.358500 0.497070 0.361132 0.501019 0.773643 0.514593 0.500423 0.504663 0.258478 0.233707 0.487953 0.388296 0.414619 0.350090 0.257401 0.360649 0.511740 0.500982 0.544977 0.494958 0.494906 0.331228 0.331242
0.392363 0.477333 0.630652 0.349972 0.346840 0.397972 0.350116 0.388523 0.354814 0.615255 0.367531 0.355445 0.358479 0.483100 0.487953 0.247664 0.375112 0.335124 0.426956 0.487910 0.419881 0.364819 0.353958 0.398309 0.347594 0.347751 0.497721 0.503259
0.292794 0.377650 0.656988 0.366807 0.367568 0.298449 0.384236 0.289000 0.388184 0.660807 0.401758 0.387589 0.391829 0.383444 0.388296 0.375112 0.257229 0.301759 0.327222 0.388253 0.320086 0.398905 0.388148 0.432143 0.382124 0.382071 0.398073 0.403610
0.319030 0.403999 0.621740 0.335141 0.333357 0.324639 0.349812 0.315190 0.353827 0.625435 0.367350 0.353251 0.357472 0.409766 0.414619 0.335124 0.301759 0.248104 0.353621 0.414576 0.346546 0.364505 0.353745 0.397755 0.347693 0.347657 0.424388 0.429925
0.298077 0.334847 0.708827 0.418640 0.419405 0.300457 0.436074 0.301166 0.440022 0.712646 0.453596 0.439427 0.443667 0.345374 0.350090 0.426956 0.327222 0.353621 0.250374 0.349914 0.290954 0.450743 0.439986 0.483981 0.433962 0.433909 0.361263 0.366558
0.357906 0.341942 0.769781 0.479594 0.480359 0.358487 0.497028 0.361100 0.500977 0.773600 0.514550 0.500381 0.504621 0.267498 0.257401 0.487910 0.388253 0.414576 0.349914 0.234590 0.360502 0.511697 0.500940 0.544935 0.494916 0.494864 0.333220 0.333751
0.293683 0.346299 0.701752 0.411566 0.412331 0.297460 0.428999 0.295991 0.432948 0.705572 0.446522 0.432352 0.436592 0.355904 0.360649 0.419881 0.320086 0.346546 0.290954 0.360502 0.245684 0.443669 0.432911 0.476906 0.426887 0.426835 0.371529 0.376885
0.416150 0.501120 0.603826 0.308711 0.309164 0.421759 0.255402 0.412310 0.251290 0.561609 0.251036 0.266817 0.254725 0.506887 0.511740 0.364819 0.398905 0.364505 0.450743 0.511697 0.443669 0.238899 0.249841 0.297580 0.248065 0.245880 0.521509 0.527046
0.405392 0.490363 0.593094 0.297997 0.298449 0.411001 0.244035 0.401552 0.243464 0.550679 0.252321 0.255946 0.247229 0.496130 0.500982 0.353958 0.388148 0.353745 0.439986 0.500940 0.432911 0.249841 0.227356 0.283686 0.235734 0.231688 0.510751 0.516289
0.449387 0.534358 0.636930 0.341757 0.342211 0.454997 0.288445 0.445547 0.288758 0.594827 0.300330 0.299583 0.292568 0.540125 0.544977 0.398309 0.432143 0.397755 0.483981 0.544935 0.476906 0.297580 0.283686 0.314558 0.281346 0.278252 0.554746 0.560284
0.399368 0.484339 0.587232 0.292206 0.292654 0.404977 0.236208 0.395528 0.240428 0.544147 0.250470 0.249923 0.244152 0.490106 0.494958 0.347594 0.382124 0.347693 0.433962 0.494916 0.426887 0.248065 0.235734 0.281346 0.217331 0.227064 0.504727 0.510265
0.399316 0.484287 0.587076 0.292006 0.292456 0.404925 0.237330 0.395476 0.238824 0.544404 0.248257 0.249854 0.242565 0.490054 0.494906 0.347751 0.382071 0.347657 0.433909 0.494864 0.426835 0.245880 0.231688 0.278252 0.227064 0.217193 0.504675 0.510213
0.367576 0.360782 0.779592 0.489406 0.490171 0.367971 0.506839 0.370783 0.510788 0.783412 0.524362 0.510192 0.514432 0.324257 0.331228 0.497721 0.398073 0.424388 0.361263 0.333220 0.371529 0.521509 0.510751 0.554746 0.504727 0.504675 0.295241 0.317496
0.373130 0.365066 0.785130 0.494943 0.495708 0.373556 0.512377 0.376336 0.516325 0.788949 0.529899 0.515730 0.519970 0.323740 0.331242 0.503259 0.403610 0.429925 0.366558 0.333751 0.376885 0.527046 0.516289 0.560284 0.510265 0.510213 0.317496 0.291431
