0.179644 0.175984 0.179136 0.180483 0.179602 0.174969 0.175216 0.178950 0.184878 0.166766 0.164422 0.169594 0.181579 0.187651
0.175984 0.151627 0.155600 0.156946 0.156065 0.152456 0.152432 0.155413 0.177985 0.159949 0.157532 0.157986 0.158042 0.164114
0.179136 0.155600 0.154472 0.156727 0.155881 0.155651 0.155631 0.155533 0.181138 0.163102 0.160685 0.161139 0.157821 0.163960
0.180483 0.156946 0.156727 0.153382 0.156069 0.156998 0.156977 0.156876 0.182485 0.164449 0.162032 0.162486 0.155603 0.162706
0.179602 0.156065 0.155881 0.156069 0.154290 0.156116 0.156096 0.155970 0.181603 0.163567 0.161150 0.161604 0.157201 0.163244
0.174969 0.152456 0.155651 0.156998 0.156116 0.150174 0.151205 0.155465 0.176970 0.158934 0.156517 0.156971 0.158094 0.164166
0.175216 0.152432 0.155631 0.156977 0.156096 0.151205 0.149810 0.155444 0.177218 0.159182 0.156765 0.157219 0.158073 0.164145
0.178950 0.155413 0.155533 0.156876 0.155970 0.155465 0.155444 0.154718 0.180951 0.162915 0.160498 0.160953 0.157973 0.164041
0.184878 0.177985 0.181138 0.182485 0.181603 0.176970 0.177218 0.180951 0.167945 0.167713 0.163516 0.171630 0.183580 0.189653
0.166766 0.159949 0.163102 0.164449 0.163567 0.158934 0.159182 0.162915 0.167713 0.148701 0.147278 0.153592 0.165544 0.171617
0.164422 0.157532 0.160685 0.162032 0.161150 0.156517 0.156765 0.160498 0.163516 0.147278 0.141397 0.151177 0.163127 0.169199
0.169594 0.157986 0.161139 0.162486 0.161604 0.156971 0.157219 0.160953 0.171630 0.153592 0.151177 0.149480 0.163581 0.169654
0.181579 0.158042 0.157821 0.155603 0.157201 0.158094 0.158073 0.157973 0.183580 0.165544 0.163127 0.163581 0.153532 0.163481
0.187651 0.164114 0.163960 0.162706 0.163244 0.164166 0.164145 0.164041 0.189653 0.171617 0.169199 0.169654 0.163481 0.158787
